DRONES
1,1.7,7221,13.3,41.015137,28.97953
2,3.1,3591,13.7,41.015137,28.97953
3,1.5,3325,16.3,41.015137,28.97953
4,1.8,6910,10.5,41.015137,28.97953
5,3.0,5932,11.2,41.015137,28.97953
6,4.7,4708,17.3,41.015137,28.97953
7,2.4,6860,12.5,41.015137,28.97953
8,3.4,3451,17.4,41.015137,28.97953
9,1.2,3273,17.0,41.015137,28.97953
10,4.6,6706,11.5,41.015137,28.97953

DELIVERIES
1,41.2021817345528,29.00051763399359,10.1,5,15:00,18:00
2,40.860993213317,29.0545027310594,5.6,2,15:15,16:45
3,41.08524908877192,29.113311900034702,2.2,1,13:45,15:00
4,40.83864066021262,28.868437711828744,8.7,1,10:45,11:30
5,41.11344157266307,28.838253997839146,17.1,3,15:00,17:45
6,40.99461333407162,28.816305449451082,15.7,5,10:15,13:30
7,41.08882685842614,28.905333611356166,11.4,2,12:30,14:30
8,40.86063795257352,29.033663708471302,8.4,2,11:00,13:00
9,41.039813868568324,29.166244301257986,5.1,5,16:15,17:00
10,40.96902273373437,28.947030877656246,5.4,1,11:30,14:30
11,41.09605372060068,29.14533003307033,9.2,5,12:15,13:00
12,40.94157966251424,29.059654871582048,10.6,1,10:30,13:15
13,41.15923975781481,28.890794520499764,10.3,2,11:00,14:45
14,41.04225655220328,28.832145098276126,7.5,2,13:15,15:45
15,41.05679193637584,28.893353073710884,5.0,2,09:30,10:30
16,41.131943816572374,29.140291588329063,4.8,1,12:30,14:15
17,41.043496447282834,28.865604738301297,5.8,4,15:45,17:15
18,41.09312122313674,28.806911938770316,7.2,4,13:45,16:15
19,40.84910887576326,29.116252285540085,17.0,3,11:15,12:00
20,41.04748708384679,28.788938790363897,3.3,5,10:15,13:00
21,40.98063255813361,29.076601071159555,17.5,2,13:30,16:15
22,40.95668938883332,29.030406996298964,12.4,5,13:30,16:30
23,40.99487720012647,29.019433487544543,11.5,4,09:30,11:00
24,41.037396283047116,28.812622275006326,6.5,2,15:00,17:30
25,40.85131684437007,28.954941242000626,12.6,2,09:45,11:15
26,40.82480029548352,28.92956066698992,2.6,1,10:00,12:45
27,41.016571212469486,28.85761267932813,7.1,1,16:30,18:00
28,41.19064577605822,29.16947122412989,3.8,1,10:00,13:00
29,40.97242003153179,29.058355212708253,8.6,3,11:15,13:00
30,41.122347325879076,29.15481464726392,10.9,2,09:15,10:30
31,41.19898829839609,28.880849361526224,4.9,4,13:00,14:00
32,41.016553474614476,28.96534429339108,5.0,2,11:15,12:15
33,40.907573310095046,29.00269531133385,17.6,3,10:15,11:15
34,40.87947957168575,29.084789455793867,4.2,1,11:00,13:00
35,41.151779984110206,29.017233639372886,4.1,2,15:15,16:45
36,40.85441024828584,28.89192295822119,8.1,3,16:15,18:00
37,40.83482892901879,29.013990064405107,2.9,5,09:15,10:15
38,41.101276493918455,28.853883848187866,11.4,4,14:30,15:45
39,41.03330220460771,28.821204981248172,4.0,5,12:45,13:30
40,41.13434382591211,29.046670552320823,8.5,4,10:00,11:15
41,41.190945712240016,28.980543585002174,17.2,2,15:45,16:30
42,41.007422443134054,29.133907699764904,5.6,2,13:30,14:00
43,41.015860603998156,28.92616513418056,11.9,5,13:30,16:00
44,41.09899728274876,28.922560020553302,4.2,1,15:00,17:00
45,40.99698174641336,28.91801011390553,17.6,5,10:15,11:30
46,41.069498696759915,29.00993078671921,12.6,4,12:15,15:45
47,40.83015628366178,29.011633014122527,16.3,3,11:00,12:15
48,41.054166988411026,28.998708203916724,12.6,2,15:30,18:00
49,40.9556400046559,29.124576023830468,17.7,1,16:00,18:00
50,41.09274914111102,29.073882683758747,6.3,5,12:45,14:15

NO_FLY_ZONES
1,40.878651999999995,29.289155;40.878651999999995,29.329155;40.918652,29.329155;40.918652,29.289155,00:00,23:59
2,41.245278,28.721944;41.245278,28.781944000000003;41.305278,28.781944000000003;41.305278,28.721944,00:00,23:59
3,40.995137,28.96953;40.995137,28.989530000000002;41.015136999999996,28.989530000000002;41.015136999999996,28.96953,10:00,16:00
4,41.026944,28.974999999999998;41.026944,28.995;41.046943999999996,28.995;41.046943999999996,28.974999999999998,12:00,18:00
5,40.980278000000006,29.019167;40.980278000000006,29.039167000000003;41.000278,29.039167000000003;41.000278,29.019167,11:00,15:00
