DRONES
1,1.1,5383,15.0,41.015137,28.97953
2,4.7,7211,12.0,41.015137,28.97953
3,1.1,8149,10.0,41.015137,28.97953
4,4.8,7748,13.0,41.015137,28.97953
5,2.2,9363,14.0,41.015137,28.97953

DELIVERIES
1,40.99731805297289,28.94264838960472,3.1,2,13:15,15:00
2,41.07748283121228,28.99679547206402,2.7,5,13:15,16:30
3,41.09853113163726,28.907486400204256,3.5,5,10:45,14:00
4,40.96081539160084,29.004485509895808,2.1,5,09:00,11:30
5,41.0189665942478,28.9101415189329,0.7,4,10:45,12:00
6,41.08895628664176,29.028451427728395,2.2,2,15:00,17:15
7,40.94830631152114,28.96494816897641,0.7,1,12:30,14:45
8,40.925484857222365,29.04396982803176,2.7,1,16:30,18:00
9,41.0522019785293,28.925364937138223,1.2,3,11:00,13:30
10,41.114621107705766,28.890308599247913,3.7,2,10:30,12:15
11,40.95113996739769,28.925752650122796,2.5,4,14:00,17:15
12,41.05296890886961,29.045967353982075,2.5,4,16:00,18:00
13,40.989443814417854,29.029789300264834,2.7,4,15:00,17:30
14,41.02616982114527,29.055404818662097,1.4,4,15:30,18:00
15,40.938204930613516,29.046768992239052,1.1,2,13:15,17:15
16,40.95024297112949,28.900840200118424,3.5,3,16:30,18:00
17,40.94453651233999,29.0451606285608,1.3,2,09:00,11:45
18,40.96054842634778,28.883224375846805,1.8,3,13:30,15:00
19,41.10731141078796,28.976331076311276,0.6,3,09:45,11:30
20,41.04424046008041,28.953091618543013,3.5,4,09:30,12:00

NO_FLY_ZONES
1,40.898652,29.309155;40.898652,29.319155;40.908652,29.319155;40.908652,29.309155,00:00,23:59
2,41.005137,28.96953;41.005137,28.98953;41.015137,28.98953;41.015137,28.96953,10:00,16:00
